124601
124602
124603
124604
124605
124606
124607
124608
124609
124610
124611
124612
124613
124614
124615
124616
124617
124618
124619
124620
124621
124622
124623
124624
124625
124626
124627
124628
124629
124630
124631
124632
124633
124634
124635
124636
124637
124638
124639
124640
124641
124642
124643
124644
124645
124646
124647
124648
124650
124651
124652
124653
124654
124655
124656
124657
124658
124659
124660
124661
124664
124665
124666
124667
124668
124669
124670
124671
124672
124673
124674
124675
124676
124677
124678
124679
124680
124681
124682
124683
124684
124685
124686
124687
124688
124689
124690
124691
124692
124693
124694
124697
124698
124699
124700
124701
124702
124703
124704
124705
124706
124707
124708
124709
124710
124711
124712
124713
124714
124715
124716
124718
124719
124720
124721
124722
124723
124724
124725
124726
124727
124730
124731
124732
124733
124734
124735
124736
124737
124738
124739
124740
124741
124742
124743
124744
124745
124746
124747
124748
124749
124750
124751
124752
124753
124754
124755
124756
124757
124758
124760
124761
124762
513601
513602
513603
523601
523602
523603
523604
523605
523606
523607
533601
533602
533603
533604
533605
533606
533607
533608
533609
533610
533611
533612
543601
543602
543603
543604
543605
543606
543607
543608
543609
553601
553602
553603
553604
553605
553606
553607
553608
553609
553610
553611
553612
553613
553614
563601
563602
563603
563604
573601
573602
583601
583602
583603
583604
583605
583606
583607
583608
593601
593602
593603
593604
593605
593606
593607
593608
593609
593610
593611
593612
593613
593614
603601
603602
603603
613601
613602
613604
613605
613606
613607
613608
613609
613610
613611
613612
613613
613614
